Normal distribution 10
E
 [-0.026011, -0.032984, -0.024025, 0.296726, 0.251344]
D
 [0.098441, 0.13566, 0.190034, 0.126297, 0.113471]
E_minus_D
 [-0.339764, -0.401305, -0.459954, -0.058657, -0.085509]
E_plus_D
 [0.287742, 0.335337, 0.411904, 0.652109, 0.588198]
Normal distribution 100
E
 [-0.000129, 0.003209, 0.010573, 0.017481, 0.028741]
D
 [0.009629, 0.015482, 0.095991, 0.012547, 0.011888]
E_minus_D
 [-0.098255, -0.1212169, -0.299251, -0.094534, -0.080291]
E_plus_D
 [0.097997, 0.127635, 0.320397, 0.129496, 0.137773]
Normal distribution 1000
E
 [0.001202, 0.000494, 0.004263, 0.002454, 0.003347]
D
 [0.000999, 0.001527, 0.063525, 0.001192, 0.001147]
E_minus_D
 [-0.030404, -0.038582, -0.247779, -0.032075, -0.030522]
E_plus_D
 [0.032808, 0.03957, 0.256305, 0.0369829, 0.037216]


Cauchy distribution 10
E
 [1.043832, -0.005848, 5.310238, 1.126356, 0.685196]
D
 [1227.256417, 0.328306, 30466.127313, 5.073426, 1.164241]
E_minus_D
 [-33.988388, -0.578828, -169.23525, -1.126071, -0.3938039]
E_plus_D
 [36.076052, 0.567132, 179.855726, 3.378783, 1.764196]
Cauchy distribution 100
E
 [1.696366, 0.005914, 85.05384, 0.038538, 0.048519]
D
 [2616.105348, 0.026732, 6492272.594467, 0.058624, 0.028492]
E_minus_D
 [-49.451511, -0.157586, -2462.939997, -0.203586, -0.120277]
E_plus_D
 [52.844243, 0.169414, 2633.047677, 0.280662, 0.217315]
Cauchy distribution 1000
E
 [-1.536763, -0.000223, -734.393426, 0.003831, 0.00411]
D
 [1880.632641, 0.002493, 468411808.431338, 0.004942, 0.002584]
E_minus_D
 [-44.903025, -0.050153, -22377.216912, -0.066467, -0.046728]
E_plus_D
 [41.829499, 0.049707, 20908.43006 0.074129, 0.054948]


Poisson distribution 10
E
 [9.9699, 9.823, 10.249, 10.905, 10.753667]
D
 [1.007724, 1.473171, 1.864499, 1.326975, 1.211542]
E_minus_D
 [8.966045, 8.609257, 8.883533, 9.7530559 9.652966]
E_plus_D
 [10.973755, 11.036743, 11.614467, 12.056944, 11.854368]
Poisson distribution 100
E
 [10.01362, 9.849, 10.9405, 9.982, 9.95806]
D
 [0.10038, 0.196699, 0.91071, 0.164176, 0.122204]
E_minus_D
 [9.696792, 9.405492, 9.986189, 9.5768139, 9.608483]
E_plus_D
 [10.3304479, 10.292508, 11.894811, 10.387186, 10.307637]
Poisson distribution 1000
E
 [10.0014, 9.997, 11.708, 9.9945, 9.870054]
D
 [0.010547, 0.002991, 0.739736, 0.00372, 0.012058]
E_minus_D
 [9.898701, 9.942309, 10.847921, 9.93351, 9.760243]
E_plus_D
 [10.104099, 10.05169, 12.568079, 10.05549, 9.979865]


Uniform distribution 10
E
 [0.025966, 0.038465, 0.011474, 0.343975, 0.348876]
D
 [0.095005, 0.229614, 0.044843, 0.120397, 0.144134]
E_minus_D
 [-0.282263, -0.440716, -0.200288, -0.003008, -0.0307739]
E_plus_D
 [0.3341949, 0.517646, 0.223236, 0.690958, 0.728526]
Uniform distribution 100
E
 [-0.004117, -0.001376, -0.000457, 0.012155, 0.02892]
D
 [0.010528, 0.03076, 0.000588, 0.015472, 0.020901]
E_minus_D
 [-0.106723, -0.17676, -0.02471, -0.11223, -0.115653]
E_plus_D
 [0.098489, 0.174008, 0.023796, 0.13654, 0.173493]
Uniform distribution 1000
E
 [0.000519, 0.000621, -0.000642, 0.018017, 0.034952]
D
 [0.010293, 0.029307, 0.000662, 0.015148, 0.02053]
E_minus_D
 [-0.100936, -0.170571, -0.026367, -0.105061, -0.108332]
E_plus_D
 [0.101974, 0.171813, 0.025083, 0.141095, 0.178236]
Uniform distribution 1000