3.6376E-02
3.6443E-02
3.6607E-02
3.6638E-02
3.6648E-02
3.6748E-02
3.6760E-02
3.6886E-02
3.6909E-02
3.6912E-02
3.6918E-02
3.6920E-02
3.6936E-02
3.6957E-02
3.6961E-02
3.6976E-02
3.6983E-02
3.6985E-02
3.6987E-02
3.6987E-02
3.6996E-02
3.7007E-02
3.7026E-02
3.7028E-02
3.7031E-02
3.7037E-02
3.7039E-02
3.7050E-02
3.7054E-02
3.7061E-02
3.7061E-02
3.7086E-02
3.7125E-02
3.7130E-02
3.7130E-02
3.7147E-02
3.7154E-02
3.7171E-02
3.7173E-02
3.7177E-02
3.7177E-02
3.7180E-02
3.7182E-02
3.7190E-02
3.7201E-02
3.7205E-02
3.7216E-02
3.7220E-02
3.7231E-02
3.7235E-02
3.7251E-02
3.7255E-02
3.7262E-02
3.7279E-02
3.7289E-02
3.7302E-02
3.7305E-02
3.7307E-02
3.7320E-02
3.7320E-02
3.7322E-02
3.7331E-02
3.7335E-02
3.7339E-02
3.7352E-02
3.7361E-02
3.7367E-02
3.7369E-02
3.7372E-02
3.7372E-02
3.7372E-02
3.7376E-02
3.7384E-02
3.7395E-02
3.7395E-02
3.7400E-02
3.7410E-02
3.7410E-02
3.7417E-02
3.7419E-02
3.7423E-02
3.7425E-02
3.7430E-02
3.7430E-02
3.7443E-02
3.7447E-02
3.7452E-02
3.7454E-02
3.7460E-02
3.7462E-02
3.7462E-02
3.7473E-02
3.7479E-02
3.7479E-02
3.7480E-02
3.7482E-02
3.7486E-02
3.7493E-02
3.7506E-02
3.7510E-02
3.7516E-02
3.7516E-02
3.7518E-02
3.7525E-02
3.7542E-02
3.7549E-02
3.7551E-02
3.7553E-02
3.7562E-02
3.7564E-02
3.7566E-02
3.7568E-02
3.7568E-02
3.7575E-02
3.7587E-02
3.7590E-02
3.7598E-02
3.7600E-02
3.7618E-02
3.7618E-02
3.7620E-02
3.7628E-02
3.7650E-02
3.7652E-02
3.7654E-02
3.7663E-02
3.7669E-02
3.7682E-02
3.7683E-02
3.7685E-02
3.7695E-02
3.7696E-02
3.7709E-02
3.7711E-02
3.7724E-02
3.7730E-02
3.7732E-02
3.7737E-02
3.7739E-02
3.7743E-02
3.7743E-02
3.7745E-02
3.7745E-02
3.7749E-02
3.7756E-02
3.7773E-02
3.7775E-02
3.7777E-02
3.7780E-02
3.7795E-02
3.7823E-02
3.7827E-02
3.7842E-02
3.7851E-02
3.7866E-02
3.7868E-02
3.7885E-02
3.7890E-02
3.7892E-02
3.7898E-02
3.7903E-02
3.7907E-02
3.7922E-02
3.7942E-02
3.7946E-02
3.7952E-02
3.7952E-02
3.7967E-02
3.7978E-02
3.7983E-02
3.7996E-02
3.8002E-02
3.8004E-02
3.8008E-02
3.8013E-02
3.8048E-02
3.8048E-02
3.8060E-02
3.8075E-02
3.8097E-02
3.8130E-02
3.8164E-02
3.8164E-02
3.8192E-02
3.8199E-02
3.8296E-02
3.8317E-02
3.8333E-02
3.8343E-02
3.8354E-02
3.8354E-02
3.8360E-02
3.8376E-02
3.8387E-02
3.8401E-02
3.8438E-02
3.8462E-02
3.8507E-02
3.8626E-02
3.8732E-02
